TITLE = "Blade_9505.0_pitch_28.0_AoA_5.0"
VARIABLES = "R_middle" "X_mean" "Y_mean" "Z_mean" "Tx_fR" "Ty_fR" "Tz_fR" "Ft_fR" "Fr_fR" "F1P_fR" "Mx_fR" "My_fR" "Mz_fR" 
ZONE T="Blade_9505.0_pitch_28.0_AoA_5.0", I=45, J=1, K=1, F=BLOCK
  5.207777778e-02  5.623333333e-02  6.038888889e-02  6.454444444e-02  6.870000000e-02  7.285555556e-02
  7.701111111e-02  8.116666667e-02  8.532222222e-02  8.947777778e-02  9.363333333e-02  9.778888889e-02
  1.019444444e-01  1.061000000e-01  1.102555556e-01  1.144111111e-01  1.185666667e-01  1.227222222e-01
  1.268777778e-01  1.310333333e-01  1.351888889e-01  1.393444444e-01  1.435000000e-01  1.476555556e-01
  1.518111111e-01  1.559666667e-01  1.601222222e-01  1.642777778e-01  1.684333333e-01  1.725888889e-01
  1.767444444e-01  1.809000000e-01  1.850555556e-01  1.892111111e-01  1.933666667e-01  1.975222222e-01
  2.016777778e-01  2.058333333e-01  2.099888889e-01  2.141444444e-01  2.183000000e-01  2.224555556e-01
  2.266111111e-01  2.307666667e-01  2.349222222e-01
  5.083005382e-02  5.495674991e-02  5.906645105e-02  6.317186098e-02  6.728385801e-02  7.139593413e-02
  7.548840485e-02  7.956651644e-02  8.364114052e-02  8.771337589e-02  9.178635834e-02  9.585734886e-02
  9.993225835e-02  1.040327014e-01  1.081702046e-01  1.123447394e-01  1.165518154e-01  1.207878886e-01
  1.250216183e-01  1.292564889e-01  1.334908640e-01  1.377250745e-01  1.419582364e-01  1.461832734e-01
  1.504020936e-01  1.546216522e-01  1.588419217e-01  1.630628455e-01  1.672789549e-01  1.714885790e-01
  1.756977369e-01  1.799078436e-01  1.841187871e-01  1.883268597e-01  1.925293586e-01  1.967300330e-01
  2.009315423e-01  2.051346447e-01  2.093358365e-01  2.135331043e-01  2.173655191e-01  0.000000000e+00
  0.000000000e+00  0.000000000e+00  0.000000000e+00
 -6.127348206e-03 -6.829104407e-03 -7.637156866e-03 -8.526805156e-03 -9.467175578e-03 -1.043936650e-02
 -1.143601487e-02 -1.243142134e-02 -1.342541686e-02 -1.441363398e-02 -1.538824202e-02 -1.633055789e-02
 -1.719735318e-02 -1.791118995e-02 -1.844648283e-02 -1.878084130e-02 -1.891446375e-02 -1.883286679e-02
 -1.866294985e-02 -1.845675893e-02 -1.824539363e-02 -1.802821658e-02 -1.780369022e-02 -1.757624651e-02
 -1.734322107e-02 -1.710501212e-02 -1.686185607e-02 -1.661424480e-02 -1.636140173e-02 -1.610623738e-02
 -1.584665877e-02 -1.558325990e-02 -1.531636202e-02 -1.504541849e-02 -1.477142984e-02 -1.449480802e-02
 -1.421532605e-02 -1.393303172e-02 -1.364707355e-02 -1.335935064e-02 -1.357411030e-02  0.000000000e+00
  0.000000000e+00  0.000000000e+00  0.000000000e+00
 -1.427351320e-03 -1.862627448e-03 -2.445875321e-03 -3.160021369e-03 -3.987048666e-03 -4.911391580e-03
 -5.935350215e-03 -7.016883085e-03 -8.137397236e-03 -9.269732087e-03 -1.037613580e-02 -1.141120522e-02
 -1.228755209e-02 -1.288684729e-02 -1.312804607e-02 -1.295481154e-02 -1.240612100e-02 -1.144984880e-02
 -1.027889805e-02 -9.045227451e-03 -7.798658635e-03 -6.539658619e-03 -5.267139479e-03 -3.986657128e-03
 -2.696084763e-03 -1.395414062e-03 -8.560085729e-05  1.232542478e-03  2.557359542e-03  3.886255670e-03
  5.221111009e-03  6.561576257e-03  7.907081657e-03  9.256094851e-03  1.060719566e-02  1.196100025e-02
  1.331760817e-02  1.467701214e-02  1.603806850e-02  1.739957978e-02  1.850242220e-02  0.000000000e+00
  0.000000000e+00  0.000000000e+00  0.000000000e+00
  3.927883647e-01  4.022051769e-02 -1.527516098e+00 -3.539390318e+00 -5.046074964e+00 -6.101970193e+00
 -6.523219769e+00 -6.361299096e+00 -5.673789534e+00 -4.404032410e+00 -2.686812885e+00 -8.559904362e-01
 -3.954015234e-01 -3.832964437e-01 -3.405151687e-01 -2.301582389e-01 -2.529198610e-01  1.576810835e-02
  3.391461171e-02  6.197900486e-02  4.975129516e-02  4.553686944e-02  3.932646396e-02  3.202057889e-02
  2.443813694e-02  1.502041009e-02  3.652207290e-03 -1.064110428e-02 -2.822899068e-02 -4.752905726e-02
 -6.906963958e-02 -9.222924934e-02 -1.188231738e-01 -1.507432515e-01 -1.843901155e-01 -2.175409910e-01
 -2.526045908e-01 -2.878303561e-01 -3.258302805e-01 -3.574705127e-01  5.381309117e+00  0.000000000e+00
  0.000000000e+00  0.000000000e+00  0.000000000e+00
 -1.092362988e-01 -1.513646524e-01  5.393697056e-02  3.963837454e-01  7.024103966e-01  9.798638322e-01
  1.199448266e+00  1.282013126e+00  1.252991450e+00  1.103060931e+00  8.374680602e-01  5.835508317e-01
  5.782156317e-01  6.373248816e-01  6.787197341e-01  6.969430589e-01  7.349582010e-01  7.041025507e-01
  7.133369854e-01  7.131523023e-01  7.138312476e-01  7.091828376e-01  7.004615127e-01  6.838742753e-01
  6.700432901e-01  6.516744608e-01  6.289188462e-01  6.022105951e-01  5.671651056e-01  5.335682692e-01
  4.985507449e-01  4.605014733e-01  4.198936240e-01  3.733694405e-01  3.283031163e-01  2.851441172e-01
  2.411384422e-01  1.983147977e-01  1.533827627e-01  1.148079051e-01 -3.265605947e-01  0.000000000e+00
  0.000000000e+00  0.000000000e+00  0.000000000e+00
 -6.965288095e-02 -7.622371477e-02 -9.431816420e-02 -1.156293184e-01 -1.623661619e-01 -2.101253534e-01
 -2.119364652e-01 -2.573538994e-01 -3.069313458e-01 -3.530007863e-01 -3.962297080e-01 -4.421412756e-01
 -4.896145941e-01 -5.385870281e-01 -5.895302254e-01 -6.417434598e-01 -6.915307869e-01 -7.462162945e-01
 -7.998612411e-01 -8.503889670e-01 -8.938605485e-01 -9.315133145e-01 -9.642778867e-01 -9.881412719e-01
 -1.009346660e+00 -1.021633080e+00 -1.024561936e+00 -1.017921115e+00 -9.974200256e-01 -9.708661472e-01
 -9.356474510e-01 -8.894065965e-01 -8.319629288e-01 -7.577019665e-01 -6.775792701e-01 -5.930715316e-01
 -4.992417134e-01 -4.022167648e-01 -2.959379300e-01 -2.038891989e-01 -1.084412721e-01  0.000000000e+00
  0.000000000e+00  0.000000000e+00  0.000000000e+00
 -6.144251191e-02 -1.452495908e-01 -1.423821312e-01 -8.062459228e-02 -7.523496717e-03  8.672414849e-02
  2.088389495e-01  2.846742434e-01  3.379536027e-01  3.743410656e-01  3.816893098e-01  4.315045046e-01
  5.027803383e-01  5.630491343e-01  6.118185520e-01  6.494547527e-01  6.849525774e-01  6.981262723e-01
  7.105266650e-01  7.147524457e-01  7.139929609e-01  7.090943175e-01  6.999106975e-01  6.828065318e-01
  6.684319349e-01  6.493746914e-01  6.257904473e-01  5.980302410e-01  5.617235522e-01  5.267860433e-01
  4.903308507e-01  4.508247225e-01  4.085976942e-01  3.601789986e-01  3.132355884e-01  2.683884916e-01
  2.227107422e-01  1.783540293e-01  1.318612447e-01  9.226295473e-02  9.474632911e-03  0.000000000e+00
  0.000000000e+00  0.000000000e+00  0.000000000e+00
  4.030385666e-01  5.857904413e-02 -1.521821919e+00 -3.560604383e+00 -5.094722397e+00 -6.179534957e+00
 -6.629287940e+00 -6.482950287e+00 -5.800660532e+00 -4.524611989e+00 -2.788302261e+00 -9.418360062e-01
 -4.877372374e-01 -4.858753347e-01 -4.497656246e-01 -3.419224569e-01 -3.673853290e-01 -9.289102811e-02
 -7.177544056e-02 -3.945306889e-02 -4.737397123e-02 -4.689512304e-02 -4.814475162e-02 -4.984558140e-02
 -5.247839044e-02 -5.672500139e-02 -6.275802511e-02 -7.162865897e-02 -8.330536465e-02 -9.721406135e-02
 -1.135742806e-01 -1.316241277e-01 -1.532237789e-01 -1.799982110e-01 -2.089643918e-01 -2.379051658e-01
 -2.689921056e-01 -3.006075732e-01 -3.351182713e-01 -3.639417120e-01  5.391200225e+00  0.000000000e+00
  0.000000000e+00  0.000000000e+00  0.000000000e+00
  4.076950680e-01  1.566172023e-01  1.528468065e+00  3.561517078e+00  5.094727952e+00  6.180143474e+00
  6.632576596e+00  6.489197473e+00  5.810496988e+00  4.540071022e+00  2.814305639e+00  1.035978378e+00
  7.004824633e-01  7.437063725e-01  7.593491013e-01  7.339635156e-01  7.772592960e-01  7.042790889e-01
  7.141427417e-01  7.158404873e-01  7.155628843e-01  7.106433027e-01  7.015646097e-01  6.846235037e-01
  6.704888016e-01  6.518475402e-01  6.289294505e-01  6.023046023e-01  5.678671789e-01  5.356809770e-01
  5.033124878e-01  4.696465068e-01  4.363824035e-01  4.026515454e-01  3.765403708e-01  3.586519906e-01
  3.492231774e-01  3.495355101e-01  3.601272603e-01  3.754544214e-01  5.391208550e+00  0.000000000e+00
  0.000000000e+00  0.000000000e+00  0.000000000e+00
 -1.477318214e-03 -2.778311749e-03 -1.130940781e-03  1.702246033e-03  5.141462113e-03  1.016671181e-02
  1.535883056e-02  1.939293117e-02  2.217491388e-02  2.300589667e-02  2.111358308e-02  1.999991419e-02
  2.296170002e-02  2.690319247e-02  3.029565874e-02  3.284787810e-02  3.528986119e-02  3.639321275e-02
  3.729862083e-02  3.774016669e-02  3.788939655e-02  3.776568918e-02  3.745393289e-02  3.701392821e-02
  3.622410734e-02  3.514636722e-02  3.381146114e-02  3.225142569e-02  3.056071766e-02  2.861355067e-02
  2.646853042e-02  2.416632121e-02  2.172477487e-02  1.915269142e-02  1.652162440e-02  1.386317577e-02
  1.120472861e-02  8.632749312e-03  6.080212329e-03  3.771583380e-03  8.169053813e-03  0.000000000e+00
  0.000000000e+00  0.000000000e+00  0.000000000e+00
 -1.708814297e-02 -2.645397419e-02 -2.679631043e-02 -2.053254005e-02 -7.805608125e-03  8.955798015e-03
  2.356003342e-02  3.911569383e-02  4.978409202e-02  5.220546046e-02  4.359136755e-02  3.415917877e-02
  4.123089264e-02  5.473987991e-02  6.841036631e-02  8.068044847e-02  9.457876015e-02  1.052228708e-01
  1.153268030e-01  1.250307999e-01  1.342281661e-01  1.430097693e-01  1.513813764e-01  1.586444987e-01
  1.657387042e-01  1.716102224e-01  1.760749776e-01  1.789678186e-01  1.794022272e-01  1.785856218e-01
  1.759673591e-01  1.710057726e-01  1.635023408e-01  1.522068879e-01  1.390389099e-01  1.242368903e-01
  1.067278712e-01  8.766831014e-02  6.571533754e-02  4.589322326e-02  1.282859580e-01  0.000000000e+00
  0.000000000e+00  0.000000000e+00  0.000000000e+00
  2.810495987e-03  4.162908414e-03  6.507189695e-03  9.461608834e-03  1.192542647e-02  1.520503554e-02
  2.087099397e-02  2.486848014e-02  2.923475613e-02  3.414374037e-02  3.940662930e-02  4.527769472e-02
  5.088392026e-02  5.575122153e-02  6.044741233e-02  6.505041507e-02  6.906140996e-02  7.312883525e-02
  7.770575704e-02  8.192446130e-02  8.548843008e-02  8.844664873e-02  9.074978480e-02  9.184448983e-02
  9.309176588e-02  9.345840629e-02  9.290985247e-02  9.144774398e-02  8.830516656e-02  8.500136896e-02
  8.107953153e-02  7.625744284e-02  7.056430444e-02  6.330832754e-02  5.586874175e-02  4.840826842e-02
  4.038674777e-02  3.224094092e-02  2.324582492e-02  1.533765639e-02  6.063819615e-03  0.000000000e+00
  0.000000000e+00  0.000000000e+00  0.000000000e+00
